Team Number,Auto Score,Tele Score,Passing Skill,Defense Skill,Starting Side,Climb Score
1678,30.83,48.83,5.0,3.0,Middle,2.53
1114,25.44,34.38,4.91,2.06,None,1.84
2056,36.67,50.0,5.0,3.0,Middle,2.09
148,21.81,5.0,4.0,3.0,Middle,0.0
1323,27.06,44.38,5.0,2.0,Outpost Side,1.62
900,3.88,0.0,1.0,4.06,Outpost Side,0.0
3476,16.75,5.0,3.94,3.0,Outpost Side,0.0
6045,10.0,3.75,2.75,2.75,Outpost Side,0.0
7157,15.0,5.0,3.5,3.0,Depot Side,0.0
1923,20.0,20.0,5.0,2.5,None,1.0
4613,8.0,0.0,2.0,4.0,Outpost Side,0.0
498,19.0,5.0,4.0,3.0,Depot Side,0.0
987,28.0,50.0,5.0,3.0,Middle,2.0
2102,15.0,5.0,3.0,2.0,Outpost Side,0.0
3006,11.0,5.0,3.0,3.0,Depot Side,0.0
3648,26.0,20.0,5.0,3.0,Middle,3.0
5071,7.0,0.0,2.0,3.0,Outpost Side,0.0
8174,21.0,20.0,4.0,2.0,Depot Side,0.0
435,17.0,5.0,3.0,3.0,Middle,0.0
1533,24.0,20.0,5.0,2.0,Outpost Side,1.0
2059,3.0,0.0,1.0,4.0,Depot Side,0.0
3196,13.0,5.0,3.0,3.0,Middle,0.0
11,27.0,50.0,5.0,3.0,Outpost Side,2.0
16,18.0,5.0,4.0,4.0,Depot Side,0.0
8,23.0,20.0,5.0,2.0,Middle,3.0
294,9.0,0.0,3.0,2.0,Outpost Side,0.0
254,35.14,50.0,5.0,2.0,Depot Side,2.2
